# generation=500 population=10 geneLength=64 elitism=5 generations=1000 saveEvery=100 mutation=0.020000
62 1111111111111011111111101111111111111111111111111111111111111111
62 1111111111111011111111101111111111111111111111111111111111111111
61 1111111111101011111111101111111111111111111111111111111111111111
61 1111111111111011111111101111111111111111111111111111111111111011
61 1111111111101011111111101111111111111111111111111111111111111111
60 1111111111101011111111101111111111111111111111011111111111111111
60 1111111111111011111111101111111111111111111111111111111111111100
58 1111111111111011111111101111100111111111111111111111011111111011
57 1111111111101010111111101111111111111111111011111111111110111110
55 1111111111101011111011101111010111111111111111111111111111110010
