# generation=900 population=10 geneLength=64 elitism=5 generations=1000 saveEvery=100 mutation=0.020000
64 1111111111111111111111111111111111111111111111111111111111111111
64 1111111111111111111111111111111111111111111111111111111111111111
64 1111111111111111111111111111111111111111111111111111111111111111
64 1111111111111111111111111111111111111111111111111111111111111111
64 1111111111111111111111111111111111111111111111111111111111111111
63 1111111111111111111111111111111111111111111111111111111111111110
62 1111011111111111111111111111111111111111111111110111111111111111
62 1111111111111111111111111111111111111111111111111111111111110110
60 1111111111111111101101111111111111111111111111111111111101110111
58 1110111111111110111111111111111111110111111111111111111100111110
