# generation=200 population=10 geneLength=64 elitism=5 generations=1000 saveEvery=100 mutation=0.020000
58 1111111111101011111111101011111111111111111111111111111111101110
58 1111111111101011111111101111111111111111111111101111111111101011
58 1111111111101011111111101111111111101111111111111111111111101110
58 1111111111101011111111101101111111101111111111111111111111101111
58 1111111111101011111111101111011111101111111111111111111111101111
55 1111111111101011111111101101111111101111110111111111111011011011
54 1111111111101011111101111101011111101111111101111111111111001110
53 1111111111101011111111100011111111111111111111111011111101001001
52 1101111111101011111111101111111111101111111111011110101111100010
51 1111111111101011111111101101111111101111111111101110111111000000
