# generation=700 population=10 geneLength=64 elitism=5 generations=1000 saveEvery=100 mutation=0.020000
63 1111111111111011111111111111111111111111111111111111111111111111
63 1111111111111011111111111111111111111111111111111111111111111111
63 1111111111111011111111111111111111111111111111111111111111111111
62 1111111111111011111111101111111111111111111111111111111111111111
62 1111111111111011111111101111111111111111111111111111111111111111
61 1111111111111011111111111111111111111111111111111111101111111101
59 1111111111111011111111111111111111111111111111110111111111100110
56 1111111111111011111111011111111110111111101111111111011111010110
55 1111111111111011111111111111111111110011111111110110011001101111
54 1111111111111011111111101111111111111111111110111111010111010000
