# generation=400 population=10 geneLength=64 elitism=5 generations=1000 saveEvery=100 mutation=0.020000
62 1111111111111011111111101111111111111111111111111111111111111111
61 1111111111101011111111101111111111111111111111111111111111111111
61 1111111111111011111111101111111111111111111111111111111111111011
61 1111111111101011111111101111111111111111111111111111111111111111
61 1111111111101011111111101111111111111111111111111111111111111111
58 1111111011111011111111101111111111111111111111111110111111100111
57 1011111111111011111111101111111111111111110111101111111111101110
57 1111111111101011111111100111111111111110111111111101111111101111
57 1111111111101011111111101111111111111111111111110110101111111101
54 1111111111101011111111101111111111111111111111110110111110100010
