# generation=300 population=10 geneLength=64 elitism=5 generations=1000 saveEvery=100 mutation=0.020000
60 1111111111101011111111101111111111111111111111111111111111101111
60 1111111111101011111111101111111111111111111111111111111111111101
60 1111111111001011111111101111111111111111111111111111111111111111
60 1111111111101011111111101111111111111111111111111111111111111110
60 1111111111101011111111101111111111111111111111111111111111111110
60 1111111111101011111111101111111111111111111111111111111111101111
59 1111111111101011111111101111111111111111111110111111111111111110
54 0111111111001011111111101111101111111111111100111111101011111111
54 1111111111101011110110101101111111111111111111101111101111111100
53 1111111111101010111101101111111111111110011101111111111110100111
