# generation=600 population=10 geneLength=64 elitism=5 generations=1000 saveEvery=100 mutation=0.020000
62 1111111111111011111111101111111111111111111111111111111111111111
62 1111111111111011111111101111111111111111111111111111111111111111
62 1111111111111011111111101111111111111111111111111111111111111111
62 1111111111111011111111101111111111111111111111111111111111111111
62 1111111111111011111111101111111111111111111111111111111111111111
60 1111111111111011111111101111111111111111111111111011111111011111
58 0111111111111011111111101111111111111111101111111111111111111001
58 1111111111111011111111101111111111111111111111111111111101010101
57 1111111101111011111111101111111111111111111111111111111111010001
56 1110111111111011111111101111111111111111111111101110110111101110
