# generation=100 population=10 geneLength=64 elitism=5 generations=1000 saveEvery=100 mutation=0.020000
53 1111111101101011101111101111011111111110111111101001111111111101
52 1111111101101011101111101111011111111110111111101011111110101011
52 1111111101101011101111101111011111111110111111101011111110101110
52 1111111101101011101111101111011111111110111111101011111100111011
52 1111111101101011101111101111011111111110111111101011111110101110
51 1111111101101011101111101111011111111110111111101001111111110100
51 0111111101101011101101101111011111111110111111101011111110101111
51 1111111101101101101111101111011111111110111111101011111100100111
50 1111111101101011001111101111011110111110111111101011111110101101
47 0110011101101011101111101111011111111110111111101111110100100011
