# generation=1000 population=10 geneLength=64 elitism=5 generations=1000 saveEvery=100 mutation=0.020000
64 1111111111111111111111111111111111111111111111111111111111111111
64 1111111111111111111111111111111111111111111111111111111111111111
64 1111111111111111111111111111111111111111111111111111111111111111
64 1111111111111111111111111111111111111111111111111111111111111111
64 1111111111111111111111111111111111111111111111111111111111111111
63 1111111111111111111111111111111111011111111111111111111111111111
62 1111111111101111111111111111111111111111011111111111111111111111
61 1111111111111111111111111111111111111111101111111111110111111110
60 1111111111111111111101111111111111101111111101111111111111111110
58 1111111111111111111011111111101110111111111111111111111011101011
