# generation=800 population=10 geneLength=64 elitism=5 generations=1000 saveEvery=100 mutation=0.020000
63 1111111111111011111111111111111111111111111111111111111111111111
63 1111111111111011111111111111111111111111111111111111111111111111
63 1111111111111011111111111111111111111111111111111111111111111111
63 1111111111111011111111111111111111111111111111111111111111111111
63 1111111111111011111111111111111111111111111111111111111111111111
61 1111111111111011111111111111111111111110111111111111111111111101
60 1111111111111011111111111111111111111111111111111111111100011111
60 1111111111111011111111111111111111111111101101111111111111101111
60 1111111111111011111111111111111111111111111011111111111110111011
58 1111111111111011111111111111111110111111110111111011111111011011
