# generation=1 population=10 geneLength=64 elitism=5 generations=1000 saveEvery=100 mutation=0.020000
41 1110001011111010110101101000101111101101110101101011110110111100
36 1111101000010011101010001010001111111100111111011000101000111001
35 1101101110100100111101110100110100000100001011111100001111000111
34 0011111001101001101110101111000001011000011101000011111001101010
33 0001010011111110000100101110010111010000101011111100111110000010
30 1100110011001111010000101110000010110100100001011010111000010110
29 1110100100111010001000111011001001101110100010100000100000011101
29 1100100011100110000111001010010101011011101000001110010000001101
28 1001100000001100111010010101100110001001011011001000100100100111
27 0000011100011011001000101110001010111000010011000011011001001010
