# generation=1 population=10 geneLength=64 elitism=5 generations=1000 saveEvery=100 mutation=0.020000
37 1111110100011100100100101101011011001101011110001111000101011011
37 1100111101000100100010111101111001001011100101010111011111110010
36 0010111110101110111000100111011000000101101111100110111100110010
34 0000001101010111011011101111000011011011111010000011111100001010
33 0001100001001111011101101011001110010010011001001001101101110110
33 0101001101111101100110110011011011101000110100101000010110001010
30 0001000010111010101111000011000100110110001001110101010000101111
29 0001100011010100100011101000100010101101010011011010011100100101
28 1111100011011010000001010010011110000111000101011000010000001011
27 1000000111000001101110010111101000000100100000011001101011001011
